1.575000000000000000e+03
1.576000000000000000e+03
1.662000000000000000e+03
1.578000000000000000e+03
1.579000000000000000e+03
1.580000000000000000e+03
1.670000000000000000e+03
1.581000000000000000e+03
1.582000000000000000e+03
1.583000000000000000e+03
1.584000000000000000e+03
1.585000000000000000e+03
1.586000000000000000e+03
1.688000000000000000e+03
1.587000000000000000e+03
1.588000000000000000e+03
1.589000000000000000e+03
1.590000000000000000e+03
1.591000000000000000e+03
1.592000000000000000e+03
1.593000000000000000e+03
1.594000000000000000e+03
1.601000000000000000e+03
1.602000000000000000e+03
1.705000000000000000e+03
1.711000000000000000e+03
1.604000000000000000e+03
1.605000000000000000e+03
1.606000000000000000e+03
1.608000000000000000e+03
1.607000000000000000e+03
1.740000000000000000e+03
1.776000000000000000e+03
1.777000000000000000e+03
1.778000000000000000e+03
1.779000000000000000e+03
1.780000000000000000e+03
1.781000000000000000e+03
1.782000000000000000e+03
1.783000000000000000e+03
1.784000000000000000e+03
1.785000000000000000e+03
